7677
9000
5865
3184
1347
5718
2772
7792
316
7154
6763
7280
5512
1350
7608
5175
6345
4931
3050
3332
8999
1570
3853
374
1044
7055
750
3161
4880
9788
9156
1804
1155
3963
1247
8486
4665
6316
6558
478
9523
6364
1685
8096
7398
4332
6842
9097
2479
595
2020
2001
9493
5409
8365
2200
6590
7916
978
6333
3168
9003
7820
2394
3866
3427
5639
5297
3817
2835
7939
222
7018
2765
1864
8958
9190
3566
587
7687
8884
7238
5303
8149
5714
9686
6235
7998
2619
570
5209
297
9818
1030
3294
6546
1739
2917
5774
2449
4610
1835
3269
674
1642
320
2230
291
4757
6750
227
8271
6687
249
1428
4449
4918
1716
5550
7724
9447
6424
9126
7857
9593
4130
1443
4275
1233
8549
8717
483
4718
9201
9183
322
5482
5147
8619
211
3876
1926
579
9692
8126
147
8049
1153
4474
6582
3627
8439
1537
6393
3421
3185
1724
8158
5822
7203
1136
1730
77
9008
795
2651
1126
2659
6297
5847
6600
7504
9981
5612
9041
8106
9618
8527
1408
4689
230
889
6794
5732
1178
2468
3877
6050
8905
3954
8083
5594
6876
6354
4718
6551
8103
6747
4376
8847
2453
6324
2820
7101
402
3439
7239
5272
7304
6506
8295
8769
7387
9034
2663
7632
4670
1793
3962
8543
8791
5223
868
7897
7326
8501
9976
2911
2621
406
7573
2884
355
1104
8836
8063
9114
3283
5184
9341
5115
5676
516
7994
3862
1956
4903
1022
1005
3235
9913
4312
7985
2924
3215
2788
4112
8633
1365
4014
5674
6908
8738
9270
4374
3162
7461
4053
1975
905
7916
8148
5324
1542
1854
3953
6162
8404
523
561
3045
6456
8322
282
8539
2152
8456
3710
3419
6289
800
9264
1043
6407
3805
3175
9287
4241
1594
6320
4478
8081
4659
5005
1604
9479
7528
3828
7751
8690
9637
95
1209
3488
6231
891
6945
1522
4618
5913
296
7288
7300
1397
4591
940
7642
3099
5198
7677
5562
9172
1988
3238
467
6986
4582
3171
6163
1500
9920
953
7748
6573
9650
2800
3713
4816
5629
5056
7323
5999
5464
3420
207
8838
6380
1938
7580
6047
4980
3719
8955
7959
2489
4590
381
5728
9900
5566
4245
1149
5156
9917
520
6467
4939
5875
8961
4198
6945
6570
5189
3957
4624
4647
4896
551
5288
233
9434
5187
4201
7352
2970
9550
1831
5771
6072
711
8769
2316
3091
3361
3009
8151
1053
4686
7249
6282
5880
6378
9672
6550
7730
7710
263
3801
990
3392
6131
8571
6032
19
3553
8619
9241
5310
1468
3972
4996
5058
1027
7728
8308
3727
8465
9830
9658
5988
4030
1245
4171
8118
8003
1548
5757
152
5956
3778
3070
1965
9282
6619
8238
9042
3792
5444
1182
6583
8707
572
2042
3820
692
3212
1757
3951
2812
6992
6135
8904
6196
5717
1921
2334
3045
6057
4275
8689
3182
7236
3891
975
2786
8479
8481
4921
3163
8955
7823
2664
9451
4277
3686
4771
4026
8226
6014
5452
7011
8301
4547
2147
6806
8955
687
7322
6806
6904
7891
7284
620
8796
94
80
6987
2691
6776
2147
7333
1302
150
1282
3443
6753
4636
1695
82
3725
1336
5467
7565
305
492
3531
2245
3587
3090
8489
8699
128
8705
993
5965
9733
417
1245
1639
4749
9252
7211
1823
5987
9938
1579
2008
761
6988
182
3769
8107
5122
5653
4885
1195
884
1388
5904
7189
2899
2580
4525
368
6717
3010
229
5180
6410
8598
5529
2108
9175
1264
6942
677
1096
9585
8300
789
1870
5915
1404
5662
3876
3194
4164
7067
6227
8482
4364
6354
7619
4406
7977
2748
2727
4205
4548
3821
5647
779
8597
1694
478
5287
5213
2533
3498
6200
47
6193
3601
5461
8771
7516
7671
4404
8743
680
5387
8424
6077
3266
3580
6074
4627
7261
3730
5168
9491
87
7440
5799
6553
9915
3782
7753
1311
6031
9326
7670
4790
6824
6332
9567
1675
5083
7110
825
5982
2717
2871
4593
2547
4771
3523
8716
8423
5654
823
746
6866
8858
1050
8388
7998
5167
4922
4797
4490
3282
1904
8567
7633
1171
3203
8943
9003
6008
2790
7839
5627
5542
8600
1547
2011
3953
6691
6713
685
812
9602
7088
4025
2658
6400
9851
4040
2850
5974
2880
3518
6857
7040
7267
1484
6987
7992
2562
8274
2615
7266
5766
680
9465
186
8939
5625
4199
1414
4429
1595
8644
3063
1186
673
1351
7292
423
419
2870
8781
3954
4105
5107
6859
3928
9800
4431
9263
8441
3703
2857
9511
3467
769
1496
7708
7939
6138
5780
200
5438
4195
2467
7001
2910
8170
4338
7113
4122
2119
9658
976
3131
8839
9986
6146
971
1829
1701
7018
6943
6753
3761
1883
4452
8018
6608
984
142
9082
4915
7318
4250
878
9891
7914
9557
1346
5258
7054
6098
493
4671
4507
8847
9613
7375
1180
6054
359
3166
1848
6559
9192
7375
9582
5480
5411
1497
9350
8990
6446
5349
8892
542
2385
2204
3398
2889
2799
9181
6819
2493
2877
1406
6666
5527
2559
9900
1073
7554
1956
2
6584
2202
8652
9218
2619
7663
7669
840
3935
3685
2865
2425
5483
5887
9296
6256
5055
8669
9707
2310
7841
2791
4715
2911
3611
8754
5482
2261
1610
2547
9715
3330
444
6002
6682
9222
276
69
4612
6057
2433
5606
4294
9651
7181
2980
6027
8844
3884
8712
3131
4171
8990
4672
4174
1792
6394
2933
7788
9048
1582
7280
8497
9846
5687
590
9309
5185
8070
5829
7032
6567
6383
7224
9196
7779
1191
7368
7324
3597
8189
5417
9827
2318
4793
1366
9262
2723
9483
1457
2915
5064
1630
157
2677
9957
6761
4895
92
8714
7211
734
5061
3553
940
3521
2221
6374
1923
1680
7255
363
3977
8812
6545
9525
6141
1505
7453
7459
1791
9372
3269
8152
5578
7212
6391
8420
1956
2429
5677
3677
6575
4347
9042
6217
7156
5902
387
7884
3576
2352
704
7088
7857
6095
6843
3488
3504
1480
7800
2340
198
8548
7652
4513
4274
91
6273
7471
7551
2086
3858
7143
7155
3599
2895
542
6748
8614
1763
4217
5228
8858
7368
4207
2442
3676
389
9015
2644
289
5558
8307
5581
5337
1195
6528
1925
6530
6706
2462
4467
1426
4130
2838
9035
8896
9988
553
9379
7660
6649
5810
8428
5438
8251
1524
4248
1713
4770
2732
2827
6896
9299
3408
1335
748
7789
3083
4939
3331
7560
9998
7416
2469
748
7084
843
2722
1504
2074
2434
2217
1262
3203
7275
5327
4654
7601
4096
1160
9797
274
7538
82
537
7807
4399
3105
5017
2391
3257
1842
4442
8567
6554
9985
8281
7253
1721
743
7316
8989
3290
8550
3909
1111
1014
7483
9673
1639
11
3303
4313
5983
7691
799
5844
1299
8783
3217
1588
7310
4198
5937
1436
1679
1625
2286
9672
2710
5785
5410
9349
2001
4096
6430
3680
4994
9120
5815
2192
7865
2625
1803
5499
5108
7344
7022
1466
3313
1593
2046
7262
3170
8791
2493
6350
3500
8621
4518
6792
8261
9089
2061
7452
9895
9046
8048
1619
132
8886
912
3377
2417
3072
7236
680
8502
1912
1104
448
5426
1558
867
5290
8096
615
4369
8456
6985
8923
4449
3497
102
9086
7528
7770
3293
4157
9432
4412
3197
5512
4272
5671
2725
3395
4135
1633
9815
8878
9631
2251
6372
49
3940
7340
5825
7138
5884
8740
4514
957
762
1186
4266
6591
1237
3609
918
9540
4363
568
6323
4693
5030
4286
9402
9442
532
1393
5197
1007
5772
4867
9552
4614
3673
930
1031
3552
795
2642
1026
4343
3846
6856
7566
249
8815
8805
8350
4182
794
9097
3682
7705
9186
1200
623
6266
9996
3558
5491
2060
4135
9447
3040
4994
8287
9360
7150
9116
2777
5299
9654
6546
9085
3662
1050
3490
8190
3597
9289
3214
9758
697
553
8996
1334
1649
9015
6030
6175
4101
933
5004
8119
7409
2101
1656
1986
4143
6698
5988
8403
9295
9862
2024
2654
3966
5942
3997
8197
2994
9313
7692
6792
1432
4894
6270
8891
3122
1035
8402
9840
5669
8346
2729
9771
68
4192
6813
7620
9939
4096
567
2616
4897
8077
3881
9804
4904
2089
5668
9679
7643
2137
6868
5851
8912
1418
3079
8827
6854
8863
3459
8423
4396
842
1256
2134
748
6477
7952
1849
1984
989
7327
6715
2808
824
8016
5657
6435
8915
3079
9094
7199
8376
2970
5721
982
8162
3907
6888
1823
4779
7084
8057
9205
15
5456
4104
9402
5836
3859
2815
6021
4075
5161
8830
9404
361
9775
8495
1899
8859
8444
4616
6195
6802
8475
8938
6894
5561
1762
9331
1241
8053
8873
8122
3619
639
7255
7784
9735
1372
3145
303
736
5417
6212
6900
4482
2815
3098
5552
1076
3332
1083
4739
2412
8103
5883
3203
996
8017
8258
7149
1551
4327
2526
8278
64
7869
6354
8336
8819
9424
5269
8410
2683
5276
7216
4154
1502
8817
2175
1305
5741
1155
9381
9381
7744
1146
9994
5299
8910
7976
6211
2798
3916
7503
8756
8017
6679
6934
3439
6334
9214
1077
4066
706
3723
7427
3337
7086
332
6633
5589
8265
7721
9513
5252
3487
1570
1735
2685
7504
6217
2497
4720
9432
8220
4123
683
8691
6618
5334
5894
2620
3587
2167
3773
7909
949
6981
4507
5936
2493
7803
2974
267
9452
7398
1103
3133
6625
3869
180
6512
9633
2327
6757
2623
9558
258
1738
8066
9860
7541
6013
5654
1831
5798
7548
8041
9123
711
4261
7669
8904
5275
4159
8262
7034
1560
9294
4128
7366
3505
2834
4844
695
3469
9257
4596
7231
889
6064
7353
7518
2194
1714
1372
684
7346
8507
9102
5605
9871
1078
1452
121
4036
824
8609
5790
4952
4105
3120
841
4816
7400
4767
1944
1258
5701
955
6240
1798
1413
754
8639
1796
9753
5535
5848
1969
3236
4230
7783
5519
2217
6632
9087
4255
644
3864
8321
7676
6195
1199
61
8950
1808
4710
5602
6931
1211
9912
1279
3943
4549
7501
9516
4912
1434
8584
6610
4622
7828
9373
3009
6341
57
3217
6373
6906
3946
6070
5063
433
9567
9997
9868
5294
2441
8178
4755
6704
131
4014
3232
353
9148
6400
5493
865
825
2997
2957
2560
6400
3448
1027
8971
931
4853
7924
1914
2855
2554
7343
470
1030
297
5300
5227
3909
5169
7038
3335
6118
4374
8165
5505
6196
2868
5270
6937
5467
3137
5200
353
2125
1013
8905
815
6467
4300
5301
8784
2946
4211
2939
25
2164
3133
2468
8384
1326
6092
813
206
4732
7398
8822
7216
6895
8476
7714
8059
9593
7609
6089
7393
750
7432
8470
5372
7426
1417
8426
9736
7394
6297
4131
7276
3780
3395
1919
1417
5084
8180
3852
7890
8519
4013
8615
1018
8057
2991
1161
9018
9833
4112
5435
7904
6629
6536
6235
56
39
3634
828
5340
3626
1725
8263
9788
2883
5929
4507
9252
8127
4408
4518
3225
4602
1398
8123
7053
8
8915
5224
9145
3435
6794
7227
3454
1245
797
5833
6520
4843
8934
7384
2653
2467
6847
795
461
2138
4146
9763
8848
5731
4908
5447
882
4769
7210
4083
9452
6987
8527
5102
9519
8970
6103
9255
7961
4232
3987
2950
3477
8022
1330
4566
5852
9796
9754
864
5975
1830
1123
6761
5460
7774
885
9732
7447
8059
6312
887
8220
50
3425
8384
2660
9552
1145
5224
5205
6907
6347
2753
2023
5245
8844
3182
9367
692
1061
9338
7740
4327
3205
7493
1398
3515
1033
9598
7982
5854
6
4573
3623
2463
6564
4355
4728
8546
4531
9376
8840
8291
2255
9825
3458
8000
3986
3623
3520
6086
7200
9374
5342
1046
6111
2732
7284
8869
453
7593
5105
9462
7756
9320
3070
7609
6802
5806
221
7783
9738
3608
4898
3635
388
595
9610
2437
6734
3606
2655
1914
6212
9471
2489
1911
3535
405
5815
6182
2066
262
559
205
1419
6444
502
9388
5935
3337
9171
8274
955
7093
6804
5447
6390
8270
5655
701
7
8419
5777
762
6035
9034
5461
7319
8253
6460
8021
6503
532
4331
9286
2012
1975
5889
8270
5111
8243
2168
6842
3419
5442
8399
2883
7015
8039
268
5442
4775
7650
3663
9684
6020
5300
6422
4055
2605
5722
8237
2026
4365
8661
5389
5995
6502
8752
226
1527
910
2527
1440
5925
4723
8383
103
6372
8435
2910
8145
9314
2812
4909
499
4603
8533
6617
9510
5033
4997
189
335
4304
5058
6337
9071
4242
575
1158
1141
5109
9629
6655
6027
1240
9
236
5919
7928
5134
8545
32
4428
7978
1410
3389
2325
5748
2368
8747
8069
3090
3288
2983
3446
4405
1925
4738
7996
6497
2906
8434
2919
1232
4598
838
6929
4130
6589
310
635
8898
5116
5566
7581
9787
6638
342
6838
3367
3000
2707
4198
8798
5150
2908
6414
1033
6195
1657
5710
4489
8748
1510
9815
5698
5972
7628
6155
2181
515
609
7523
1393
593
3317
531
7942
7914
5660
7465
9499
7811
6150
6761
1826
8002
6707
7301
1156
8733
7687
6901
7818
3697
3376
5991
8424
8084
4301
3298
5213
7421
1640
1565
196
8406
725
7819
8667
877
5178
4493
1306
8246
577
4852
6626
2271
6709
8592
5844
6859
456
1215
378
4759
7133
3866
8127
466
6720
8655
8447
2408
2835
8199
7316
7618
6529
7090
3552
2459
4010
7316
4155
3688
7287
9269
1863
5192
9354
4927
802
7041
1047
3
6786
5163
4970
7464
7239
1919
3009
5635
1985
117
7855
329
223
5585
5699
1917
884
6365
6796
5062
3271
9743
2934
957
2379
1905
6053
9354
8645
8813
175
390
4964
1084
9660
4302
4813
57
365
455
4022
7088
6706
5838
5368
3122
6868
7123
9493
1050
439
9733
7884
9039
7584
1956
3654
9061
6563
2094
3670
1194
6872
1852
1229
878
8553
9774
1919
3341
4362
4342
6563
6613
362
7600
4216
2176
2263
6603
5081
202
9359
1836
7882
4510
5269
8851
8768
930
4855
1799
9136
1595
9669
5285
7880
6807
70
4036
9549
5628
757
8226
3631
6086
7883
5986
1763
5983
137
3646
9066
5715
3227
8522
2958
5192
7047
8717
7867
7997
7481
9311
7037
7244
276
4575
3288
9267
2697
1391
9014
3207
9796
9937
1983
6861
6031
3875
7570
1739
9701
3757
9919
3169
7217
4216
4265
4513
6556
7566
122
8070
4444
3925
378
9098
9761
678
4482
3519
6479
2171
4844
4339
3024
3907
4324
6601
1393
4164
9279
5766
8555
9982
6998
9812
4746
3755
8563
1081
8075
1296
8198
9883
2571
2145
7950
8261
7239
8183
2237
8917
7016
7126
190
1304
2590
3361
5014
4137
5000
9779
8648
1176
2621
725
6892
5034
2719
8023
4870
1979
7073
9136
5207
9199
1374
8943
1604
4895
1047
4392
8662
632
1956
4306
4726
4936
3052
5020
8289
6816
9443
6183
69
8039
8573
75
2253
3349
9274
2083
3613
8553
3273
9595
4183
7415
1429
1524
6031
9642
2428
887
7289
3887
9986
8447
5045
1665
5685
6293
8967
357
8495
6385
1596
6048
8767
627
3139
9870
4024
5813
8278
4705
6206
8911
35
2661
5237
5583
1032
7539
1712
7604
5660
683
2333
2855
7564
3063
5288
4980
5665
1206
9228
8453
8473
9685
8679
8803
848
8290
805
7044
9561
7684
3266
1991
4013
3410
596
4062
6296
4429
7000
9408
414
9026
6751
3791
3919
7879
9491
1464
6509
1387
6636
5522
9155
5888
6830
2676
4258
1362
2915
7189
2017
1375
267
5869
675
4576
6473
8413
8677
5885
5343
5161
4876
4656
4021
7356
8872
6582
560
3410
7351
5855
750
8302
3834
4213
7220
2290
8664
3872
864
9382
3212
2091
4505
5644
7342
6122
1368
2359
1965
8618
6423
9294
9147
5278
6940
8875
707
8402
9704
2965
2476
2355
6257
89
5470
9508
4260
2485
7116
8124
2612
9112
5372
6867
306
2932
6070
4158
4187
8150
9165
4398
8738
5885
2686
7289
1819
4784
4130
874
3883
6451
7821
3767
4623
4279
3307
7071
205
8216
4258
1913
6319
7355
9536
4245
7089
6811
8104
4550
7610
5324
7272
6470
8282
5226
9404
5003
2475
7010
5672
1873
5114
6565
6685
2967
8709
4369
8908
319
5083
2381
2663
9010
5583
6213
2201
7571
9921
7271
848
9021
3960
1968
4545
8467
9725
2897
5249
2387
6727
9862
1588
4161
2277
7076
7939
176
9892
6475
4672
957
9127
6134
1675
2131
7190
7048
4480
781
2571
1159
7322
3755
3570
8478
282
5828
97
1336
8293
7283
5388
9412
8257
2424
5421
21
6746
2816
7681
4337
4867
1639
7708
1719
8744
8425
1356
1111
3745
6697
3071
627
8131
500
5657
3818
7098
9716
4967
3917
1323
8139
3761
5379
5085
2815
2575
5403
7766
7862
1841
6832
9149
1136
8766
7780
3264
7448
4468
2687
7781
7813
1771
4079
5922
172
1688
4277
5698
3428
7129
1516
6926
3237
5632
5516
9900
4993
9047
3389
876
6697
7008
7979
8590
2004
2742
7193
2911
1642
4334
4719
1438
9590
1892
9618
2352
8957
1248
4734
2155
1317
7779
1587
5078
2423
9763
2494
6858
6668
9239
9005
9377
2462
9810
9454
4205
747
5009
7384
2484
9312
7922
6951
5778
6245
2590
994
7546
6918
412
2413
7681
207
200
9732
3232
1333
8890
3287
6840
638
946
9338
710
9915
8485
5597
7975
485
804
3150
5237
107
1607
6558
9727
9042
4506
6052
2065
9094
2611
3148
907
3306
5941
3777
8905
8125
1213
1056
355
4331
2170
3226
9670
7782
5001
922
6374
6120
2660
1985
6723
3000
3914
1284
4225
7085
7825
7677
1365
9109
2007
137
2656
6623
3500
338
4769
2702
4393
9535
2938
1847
420
3463
4115
3606
9678
129
6392
1999
335
1900
1128
6760
762
5073
8877
605
2834
7243
2760
5270
9354
5206
3218
7888
9506
3900
6233
8447
2045
9914
3051
8499
4524
1490
3182
1110
8299
608
4064
2085
3248
1744
109
2938
3209
6208
1103
6756
2975
559
4888
9173
372
2565
2126
7963
2401
8384
1538
6447
2730
225
2483
7852
8930
4597
8000
40
1738
7456
5491
2619
5410
4031
4134
1340
7697
7942
7787
7902
408
6318
9670
6807
6618
5072
433
4758
8619
1224
4338
2224
1455
7227
9253
1268
518
5617
4900
8529
8075
981
370
7288
2850
255
6319
8010
8793
1635
9431
2409
4059
7043
6778
2157
8849
2991
5486
9653
1270
9934
8794
4960
3661
790
3008
9943
7905
5124
1131
7940
7215
6717
8017
4890
3553
8719
8764
5704
4436
2388
6802
7940
186
2535
591
3308
2897
5250
8200
6407
1323
1185
7157
9231
1719
781
2921
9448
3251
6131
3072
229
8007
7927
5890
9500
9891
4855
1394
6871
3679
7179
83
7238
5427
5819
9665
1047
8035
3203
2836
2579
1283
2375
9859
9232
3927
6445
8099
6775
6563
1289
6944
7792
7866
620
621
3137
3550
4045
3295
9132
6936
5495
525
6424
2363
1593
8689
9968
7847
6889
9273
3438
1376
5700
8100
5503
5999
8297
475
9872
2508
2579
2022
5820
4888
1057
1534
931
2967
6943
6552
3259
8723
2471
4596
5786
7571
7172
2954
2074
3598
3792
7789
8389
8232
4729
8935
4163
5065
2497
213
9688
9714
3514
6352
7156
2472
5758
6674
8784
3257
7301
2588
3650
2905
4519
632
3068
2182
5942
5314
2884
101
100
6331
9878
6062
3476
2864
8637
6160
7746
3608
4712
2579
3835
4960
9643
6437
4020
1336
3543
8650
2287
1001
1310
437
7468
7985
9264
4939
3298
5644
31
4087
4466
291
4814
345
7970
3916
3881
1222
4660
3486
8014
5579
6708
567
5982
4646
2917
9081
5660
7418
5308
901
9330
9612
7197
8679
6908
7750
5101
2812
4371
5076
4267
4786
8487
4004
328
2242
3115
582
7663
2102
6789
70
8421
6798
6084
9118
4817
5270
4363
9307
1337
4749
866
8800
2769
1554
863
3748
8615
9134
3582
8744
4363
9426
977
6092
5329
9199
7049
6964
9366
6545
4392
3599
581
3902
1922
652
7389
3087
5317
5472
4727
4696
9614
1697
2065
8920
1614
7846
5965
7341
8272
2792
8360
5598
6077
2974
9485
4941
5611
1971
7455
6636
4887
1711
4814
6958
4887
5944
6114
2061
794
906
9541
1419
2792
5069
9923
5708
1061
9795
76
40
577
5318
2363
6233
2705
2003
2614
8501
2179
5089
4077
5325
79
2251
9957
6591
5639
7209
9290
9097
2337
9371
2369
5458
6618
8991
8768
1118
804
9738
3123
1678
5271
5682
1245
8088
8820
7709
1911
387
304
5173
7719
1600
9065
2175
1761
2187
6464
4297
5550
1996
5927
832
7653
1058
4286
9596
1749
2770
2941
6270
7481
3005
3365
7878
7399
6517
7841
475
8520
7665
2944
4443
7600
5878
264
6855
5083
7601
6123
9313
3864
5484
9648
1388
5510
2502
6449
4318
8372
3356
3353
6993
9166
8035
8209
6402
2001
2749
7560
7722
6608
1546
4191
4983
549
7911
5969
1886
8589
9372
7210
3737
6055
9737
3856
5702
2050
2954
4192
9637
2638
9788
7501
1570
3789
3512
4102
4623
8771
3662
1559
7589
4937
7478
3494
7729
397
7185
9380
7393
1945
7438
6001
8041
1804
1404
3838
1933
2204
5792
4517
1319
3676
4850
8711
7288
4999
871
7389
5648
229
4058
3128
5115
936
7730
2398
3965
9853
5820
4147
4836
5520
8347
4813
3812
6161
7136
4988
9171
5041
8447
8314
7165
8876
1348
8969
7109
5432
700
69
5696
6460
1442
1677
920
7271
6483
3764
9320
4898
3972
6414
6317
2580
968
6853
8368
9556
9607
463
7363
1594
8745
846
2253
9526
8762
2211
228
159
9704
5896
9964
6366
3291
1655
2389
921
7413
3498
256
1662
7729
9356
6389
3985
4709
3572
1877
310
6044
1358
9751
5181
3740
4724
6682
8948
2392
112
5131
2629
170
8983
997
1436
6836
3964
7350
4748
3786
4787
3071
5815
9517
224
6362
5388
224
4521
6979
9641
9249
9363
7796
4226
1052
5388
5819
3129
5014
381
5152
3121
1925
4905
9558
1997
1333
9879
260
1571
1040
4817
5384
4446
998
9882
1105
6931
2630
9701
902
9175
1126
1938
8618
7582
2711
9081
3036
3858
1024
7549
6525
9692
6802
4306
7996
5977
2840
7459
882
733
1875
4009
136
452
8470
4850
8361
5442
7220
4421
81
959
8706
9973
4921
2357
1485
3334
4963
4361
3096
6261
8949
1617
5606
8996
6115
166
1492
466
5470
7183
3843
7747
2079
9422
766
1846
544
9137
7671
6649
7282
9965
2673
7955
7429
4229
9728
9938
9226
7435
1326
7067
8635
5346
7568
562
9543
3974
1277
9780
450
3039
9431
602
6774
9020
9658
4824
9054
4807
6763
6862
1216
9105
8387
6635
9814
275
711
428
4694
6083
4885
4713
3870
2942
2318
1465
604
5692
2310
7315
8600
1664
8654
3064
2083
872
2754
4519
1079
7527
9590
407
8658
6739
9412
8196
6132
4289
2462
4057
4220
6649
6170
8931
3072
3037
4341
8648
1682
1251
5611
2436
7733
4239
4138
771
2165
4949
8902
485
8903
2845
9269
2349
9071
6683
3542
3913
750
4606
4104
8279
9891
4452
7452
7732
5342
4271
9942
9636
1096
5480
378
874
1880
8834
8714
6235
3967
6451
6086
5636
1714
1483
5158
4827
1721
722
1323
4327
780
4424
4695
1722
767
1923
29
3195
3529
1246
6710
1144
1464
5870
3762
6143
4968
1982
5498
3074
6223
5197
1829
3289
9906
6532
3568
6904
5296
3616
7082
1903
1011
4627
4560
9673
3124
9235
5875
9759
9778
2970
5479
176
576
8831
3146
3453
7005
2747
486
2734
942
7502
6093
6705
1891
3153
973
6926
28
614
2448
6202
1341
9105
9137
2051
3205
7445
1792
5016
3592
3802
4792
7630
4759
8451
915
6132
2761
9302
7640
3727
7407
569
6682
1127
3403
770
9725
7371
2310
7461
2384
1545
6705
2581
5307
3887
2457
4120
6056
2998
2388
6907
7864
4404
4752
7758
1737
4535
2947
7996
6472
3352
8668
9367
7135
8324
9306
7770
6268
2206
1816
2906
3705
7178
9513
925
237
8305
5281
1481
7574
9970
4553
193
2045
9996
4069
2478
2333
7465
7900
4932
2138
1924
534
6023
7136
3630
7897
8699
1848
6736
1119
3716
6109
9940
4574
3986
2717
1997
9269
7029
7529
2721
4999
4768
781
3608
9871
7296
3757
6087
3764
32
8020
9509
3071
1700
5406
5489
7719
3959
5727
9963
7812
2185
5699
9426
6536
908
6996
3206
7956
6687
3531
9356
3221
5879
8079
7753
6338
4615
6170
345
1169
3617
819
5144
4592
987
5108
7489
6860
2007
898
9434
9124
6141
1011
5656
9809
7952
9121
2199
6060
431
6272
2587
3857
6367
5470
4353
531
5817
6114
7877
6416
5472
8139
8571
8154
8780
1747
2909
4767
4052
2295
8600
9045
1458
1537
9241
1003
8824
5777
4249
7224
423
8670
5519
9737
2606
1471
3348
768
5019
6287
5432
5158
6425
8578
4464
551
9670
3570
1759
6548
1249
7508
6663
7937
7064
8753
4047
3859
7490
5620
5112
4266
1652
7524
9950
7448
2958
3546
3795
7490
5340
7821
2784
8578
2414
4313
9157
3809
9823
4465
319
9779
4400
9993
938
4662
2454
9640
2360
6675
3503
3120
9008
1919
5062
7663
7154
5384
8715
2573
7476
6630
7651
5056
9151
2077
1061
6189
9874
9177
1372
9363
3181
3813
6151
4790
1698
1192
7695
2714
2559
2247
9824
4896
9097
2075
3192
8595
1175
4308
7550
9805
4996
5484
1845
2816
2109
6449
747
1308
6456
3628
9295
2139
7790
1585
5687
6730
9533
9737
5941
6551
9271
292
3144
8555
457
1531
8306
3660
4621
402
9460
6332
4393
1076
588
6183
9008
1569
2179
3117
5590
8845
803
6008
1487
3918
5931
1152
5202
2357
8439
808
6048
2384
6707
4028
5566
2232
3033
1677
6949
833
5217
5043
2234
1034
5585
2772
889
2568
2468
3992
7536
2721
7224
6432
1045
6330
3240
7114
1984
3085
2040
9754
525
9384
5631
7412
2277
4017
3498
1099
5260
1799
7315
5093
7225
6953
6336
7511
8900
8521
1694
333
5361
3350
8388
6517
4716
8344
9604
3105
537
2546
9210
8291
2090
1374
4731
7302
4298
9859
4956
6658
7591
9094
3413
8862
6313
266
1399
9909
3210
3623
1988
143
6659
5522
9512
4911
6767
5288
7342
5263
6246
5075
535
483
2049
87
8841
3636
4170
3614
9932
8522
8702
1161
2289
1420
3287
613
2144
3839
4429
877
9095
3124
7788
9718
583
6209
4526
2609
6301
8082
9081
8336
9739
578
6293
3836
5638
9025
8747
262
8849
3936
8370
4650
2281
2488
9882
6712
9022
9808
7520
8268
6451
3260
592
3604
8248
3850
7917
2672
3548
7625
5945
5442
1186
6536
462
4952
962
2598
7173
8652
3168
1384
2179
2472
2239
903
9388
9727
316
9733
8216
7452
1756
3908
1633
6024
190
5521
1506
4075
5575
7243
5535
9573
9893
6052
7613
9709
6638
6335
1359
6747
1021
7228
4812
4358
4969
1580
2743
9135
3403
4219
1939
4931
6043
5381
3919
3494
2022
1051
9040
3448
2991
5781
5689
1098
4041
5084
8383
761
801
3907
8967
9365
5345
4868
5841
9917
3182
4974
7149
1099
8519
2335
5210
5742
5252
5043
1132
9198
6665
2819
488
9764
7720
8294
3242
7189
9982
8878
3659
2069
715
2015
8881
8429
4518
6386
8017
4188
7940
9044
7164
9333
5012
3883
9572
9630
4304
9890
4356
4481
6236
8649
1584
1146
2700
9263
6380
3946
9750
5489
9744
6336
8099
4226
9192
5705
5491
6698
8064
5702
9606
3716
8313
8475
104
4180
8002
9738
3669
1643
1308
2843
6432
7213
5863
4169
4079
8299
9493
1013
1072
1815
6016
4937
6944
7309
7674
8049
9428
206
9967
7034
1287
7846
3191
9955
154
1332
3826
3783
8442
4333
8062
6433
3415
5930
9208
5674
5912
8365
527
8695
9877
2112
5104
353
3842
78
4762
5153
9837
9947
765
7863
4785
8680
60
360
4412
6007
2138
7739
9915
4389
3283
5044
3196
1367
6887
7067
7358
6486
842
7582
5302
9030
5547
1099
802
4727
9029
9784
3203
9244
8843
527
9042
3822
3962
2311
1283
3713
3716
2021
9646
3227
4951
7605
3522
2141
3097
1131
2380
6958
7560
666
7211
7128
6963
9157
575
666
5170
534
2128
5856
4717
8079
1089
5693
316
7825
7087
9571
1433
163
6036
2340
9591
6180
8257
4315
3001
1331
1939
7068
8421
7958
6193
8908
7713
9910
4479
863
4475
7058
963
8628
4334
4847
9492
8494
1021
4189
7315
5592
9180
2
3397
879
4004
2455
4271
9304
7273
3619
8692
5298
9138
3611
6081
3336
5071
4570
2714
680
7810
7826
3940
6641
4855
9486
300
7673
3066
2325
391
454
3279
7360
3527
5748
9490
6740
820
4270
9136
743
4191
2049
3248
5535
8957
6868
7883
5112
7193
9208
1094
359
5812
866
2951
537
5491
1880
9626
7663
3935
1773
6396
2223
9780
4190
8584
9456
1435
5026
3907
9052
8577
2842
4468
7521
2666
6975
1741
1705
6857
3111
3280
3977
4986
8308
5594
4485
3920
7440
3671
3508
3516
882
3961
7426
3643
8871
4276
5133
8307
1436
1032
7805
2783
4040
1544
3856
819
8170
6644
2644
5502
2959
6832
5044
9154
8664
3342
6313
4769
5307
4065
6908
3918
105
3085
9831
3800
5474
1747
8906
9166
5314
8634
975
3224
1058
5611
6442
5310
533
7166
6782
2099
2066
703
4711
3433
3467
6138
2561
3488
532
4174
7027
2895
2533
3970
4013
7714
2782
2592
5502
6672
825
548
1556
8999
9073
42
4421
1321
735
5119
8458
3616
7832
5813
9161
998
7738
1598
6879
248
4224
2966
6011
7435
4299
3832
8437
5691
5268
1553
743
298
7386
5865
8372
1587
6240
2801
6286
4833
5563
4724
4934
342
5576
3032
2349
6214
4139
5798
8090
887
8012
8617
2357
2515
9352
3313
4144
7456
8183
5744
5534
714
5066
972
5379
7046
9406
1300
4506
2637
7949
273
6324
3708
4878
3652
1254
276
9621
6571
739
355
1013
4613
6784
2367
6736
5397
5928
1228
5144
6381
2358
6669
2485
4095
3478
706
2319
9750
2642
4842
5492
6297
8026
6610
8413
2370
3614
9338
4576
9295
8155
8663
9286
8354
601
4231
362
6827
6022
5285
8221
3012
4274
4384
7218
2337
4815
4371
6345
9016
4968
9887
1484
232
5652
6230
3292
2765
8179
5154
4484
5186
8007
9331
7804
2256
6578
4619
1285
2023
278
2043
524
242
6405
9428
8690
1222
9594
6013
3677
8968
8589
2048
8436
7582
2463
9359
4898
5276
7447
8207
4067
2084
357
333
4912
7357
2310
8075
2478
9492
6847
4625
1294
6963
9938
1106
3583
6733
5379
1971
3050
3338
8062
1449
4103
9590
9298
221
3226
7682
2915
3346
3939
7750
8223
7547
9288
9422
6093
8432
6109
751
7364
5935
3488
8086
8615
9346
3729
9856
8901
1647
7955
7071
2513
6572
10
3400
7006
792
1718
8080
2818
7922
9755
5656
628
699
9411
7539
5287
2574
3317
1741
626
228
3869
8764
7726
4081
6517
3618
367
4704
7350
6178
5255
9269
2478
4725
1379
3624
8604
362
2378
2422
3861
3270
8163
1814
5523
5231
7192
6694
6485
6737
8776
7184
5592
1123
5607
7135
7791
2631
266
765
8873
93
5912
2265
6145
3012
581
7169
736
2197
6542
3603
9447
2857
1041
6160
4086
4056
2408
5056
4016
4775
5985
8480
3293
3492
7632
6606
7247
5131
8674
1606
4555
6523
5033
9177
9999
9110
5083
3596
9930
5505
5232
126
7193
4761
9654
5697
4755
9708
714
1254
7609
8557
9630
6861
677
2128
2706
3753
6340
7519
7061
5857
9035
8803
1214
7015
5896
5432
92
9121
1803
9438
1086
694
4426
3200
7628
5025
9829
626
9428
1969
2036
5875
3981
7716
604
5449
2259
2382
8677
1405
2601
6198
269
5748
718
1197
9589
8626
485
6821
7106
5859
9702
4685
6763
4558
7383
9828
6225
9092
4285
3234
7414
3524
6380
3144
7680
758
1746
724
2925
3143
4973
9057
2747
4011
9589
3060
4254
4737
8238
1963
5571
7321
2386
5284
2267
8174
8186
7825
9933
4840
2797
9189
3983
3715
5919
8532
3344
3474
4631
5829
8206
5880
5672
6806
3202
2930
8278
9863
6514
6874
2358
9822
2241
7541
1388
5123
8094
9633
6712
2215
2984
1153
131
3342
9380
2999
4631
1625
3453
8861
8890
444
1997
4088
9815
2457
8827
1887
8758
7303
4965
5379
1319
6005
6309
4386
7657
4410
9645
6559
96
7626
2910
3474
7471
2332
8415
3673
1160
4099
8373
6255
6003
2399
536
614
446
6863
7982
158
4142
4525
1199
489
7986
9274
2461
5345
1075
1571
2217
6904
1491
8560
4706
502
2891
2184
5346
7704
6952
5632
5567
5794
2443
6496
1716
6213
5342
8415
3416
9269
808
1625
3334
7502
7053
6866
4709
5509
3209
6378
5151
9739
8128
342
5296
7801
4724
7072
8656
3142
4932
475
4681
7643
3677
8887
490
1596
6325
5233
7969
7848
3012
9668
2036
4449
4973
2318
2729
8052
2547
5586
8485
8547
1869
2567
495
3901
7430
576
8325
3036
687
6529
5132
3728
656
3964
6767
1965
1061
9872
2794
8979
8
3192
9045
2251
2387
5785
703
7208
2252
1069
2102
7013
2262
5046
4471
8904
9964
9446
5610
6849
6149
6914
6198
1960
8813
3742
5817
4059
7373
6514
8065
54
5671
5221
8201
7392
9061
6869
8651
3748
399
454
7384
7314
2105
6255
1707
5584
6649
9858
5315
4376
5771
4041
9604
2967
9550
9743
1170
5692
43
665
6191
5130
613
4773
8968
7082
1311
9934
6274
2962
2719
255
1357
909
5494
4282
1465
2991
542
6173
571
2159
5217
6184
4611
9318
4241
7383
14
7794
124
1356
7530
9780
6802
6871
2462
6925
1940
1934
9290
5133
7849
1510
3346
1836
8386
274
4752
2558
9302
2203
109
2404
2537
6556
5602
7258
720
2854
1097
8954
6739
5836
8599
8446
4684
5052
9974
1082
2666
2731
8270
8521
5069
7912
4124
2495
1651
4383
3777
6702
3563
4963
8037
4395
1852
4876
2172
928
2276
2510
5129
2458
1395
6772
2791
4294
2798
6375
3996
4940
9058
7921
9980
4835
4552
6448
7562
1945
6632
4214
3916
9927
7802
936
6114
8412
9534
1445
1716
9102
9150
4753
7680
5835
4786
1946
3584
1567
9897
8936
1747
274
7962
4153
1215
7218
105
530
4778
6692
3202
5774
8179
2428
3705
4831
8524
2146
2888
3716
4514
4410
2525
4416
4580
2892
6100
6450
257
439
9571
1872
1197
2921
7438
6953
5139
721
4412
5633
792
3980
316
6917
4167
6194
6040
841
9155
9614
1334
5370
1322
5069
1026
9648
9824
8258
4827
7388
6100
4368
7358
7874
9596
2935
9188
1047
122
5283
6784
7428
3671
7586
9073
3293
3539
3616
1024
6406
1373
2579
90
7882
3460
9111
9706
1300
5965
4427
5063
1067
9130
9948
371
8197
4495
7262
3488
3180
1078
1210
3394
2415
6182
6104
8271
6793
3971
8582
7193
8473
296
4461
6351
4599
5397
1110
1549
4808
7021
1295
2320
2699
5301
9267
9411
165
7271
4902
6623
7443
3304
7153
31
1063
9943
3743
2460
6499
3623
89
8772
2250
7570
6757
7971
7310
9840
1413
1456
4579
3873
8204
2828
8597
4220
4754
3592
7189
9159
4577
814
3091
8816
587
7336
3439
2072
3613
2504
2130
8100
8341
1541
2474
8646
7953
4647
5318
5325
7867
2747
876
2164
8481
5348
873
7354
6539
7456
1271
9770
4894
6653
4867
5189
788
8551
7346
4338
3519
8636
9988
9916
3355
1207
7165
2553
4944
1599
7012
6300
49
6146
9201
2701
6481
5473
4632
8752
2303
591
8013
8120
7013
8031
5826
6893
4314
9762
8959
4811
4249
6011
1408
453
6064
4273
3887
4175
6948
5750
3941
5717
5991
1286
2183
4356
7127
2437
7673
8249
9630
9757
4130
6154
9815
9577
2654
9132
2981
2641
5956
2013
371
2768
3701
4429
1919
1406
8507
9026
1922
4411
7385
115
1412
692
3959
9463
7949
8422
2685
7185
865
3495
7460
4774
7562
6579
3491
4181
4343
9695
3153
1569
3516
585
3607
6859
6995
3306
6460
526
5480
6462
7427
7215
1447
6285
7060
1723
3629
364
1944
6614
466
9257
9470
2361
72
7425
8258
226
4671
2004
644
5354
8175
7732
3239
2515
6594
9076
6501
9773
2306
6029
4526
6002
4871
8368
1798
6601
3039
4259
4510
8020
4853
3015
270
5801
5375
8531
1470
2698
4428
9470
4430
3149
9988
4633
8528
7894
6348
7093
6969
7824
70
8674
3589
9315
833
7126
8149
4229
8785
1971
5925
6528
4769
1390
6120
4015
4886
1771
7568
8115
6254
3559
9556
6786
6534
1918
175
5678
5820
8372
4547
467
5848
68
543
8934
8080
6618
136
4804
9243
538
410
6616
126
6261
9440
3977
1070
4410
8733
418
5439
2545
5747
6801
623
985
7097
1696
4613
2439
5522
5496
5035
7179
1408
3169
6690
1270
2717
6488
3105
3978
5562
331
7367
1893
1321
9244
7605
1538
5217
9808
2901
9255
5540
1586
6089
7050
2369
4389
969
5700
9542
2487
2759
1950
3868
6949
2294
4871
1169
5812
6418
7597
9550
7999
9310
4551
6535
981
2052
998
8156
4087
670
1314
4920
9033
6078
4709
1681
6772
2874
2310
5877
5075
7803
7483
1344
4405
2812
2065
2970
573
2124
4794
818
1439
7509
4620
1043
1486
1016
820
4898
2491
9862
3885
6457
694
3839
5992
4277
897
1662
7540
2183
5727
9015
6718
9568
3965
7677
2348
2187
5236
2104
6371
273
9676
7103
1226
2005
214
7818
9151
6826
2032
1159
4919
4936
8424
6017
921
6404
4814
8117
3648
5753
3019
4228
3617
5652
5936
9564
6561
6360
8834
1716
2333
5990
7153
4174
9352
292
2305
2656
6688
9674
6336
7787
2895
5497
3531
8444
566
7263
2039
1079
8250
7287
1411
1672
6845
9661
2594
8620
5883
5885
5366
6835
6203
407
4447
5596
9460
5493
9608
5275
1609
6358
6977
995
7065
4267
8434
4428
2601
7452
3512
8546
5183
7141
3521
3897
5952
8688
773
9191
3324
5903
6703
3401
1822
19
1477
1389
9611
3427
4206
129
7005
2291
7319
8032
199
1492
805
5545
9361
9916
2059
1275
7883
4098
4902
4180
52
3425
6950
9050
7725
679
7984
9451
2659
7582
3221
9576
78
6150
4441
4050
811
3209
8852
2630
3829
7179
223
4932
8401
3392
9362
8891
5245
6618
1319
5447
9008
7231
4837
1129
246
492
5517
9666
3616
6803
7925
3533
472
4469
3441
6413
8238
5491
29
7976
5991
9224
7325
3073
5549
8358
5413
8487
9999
6603
8519
1690
7114
7711
5465
7743
3361
1014
7179
2410
5336
9541
7822
1846
9359
2948
144
1802
6706
8985
7607
2196
1475
4051
5457
6097
463
5481
485
5727
9575
5658
4513
1877
9272
785
9774
7321
2357
5202
5320
9271
1010
5506
2337
660
6378
7418
2826
5177
3272
2324
482
6330
4559
9742
4819
6562
4691
6560
9587
8452
9476
3844
4346
6373
9678
7259
3700
3636
9320
7678
2157
7102
5680
4453
3807
8535
6860
4989
5122
9537
4566
756
6026
4813
4265
1679
9122
6751
2225
7979
9435
2781
9143
947
7376
5856
3003
1900
5765
7528
9639
1613
7681
2562
8052
878
5690
3802
8948
6559
4555
6089
9219
6461
8931
8452
2093
673
4737
4461
2558
6651
7907
1717
326
228
7046
2730
8072
5006
7160
1141
991
8115
54
9160
4795
1222
3278
4410
3217
1823
3559
6915
2798
1372
2538
9905
2273
3598
2341
1294
6240
8464
6012
6248
7953
4693
3164
5043
4051
6480
4339
4642
4841
8113
8508
6789
7355
3561
6910
287
4793
6782
3007
134
5234
2505
2683
1658
4502
6532
1073
3449
2936
9233
2350
8951
3501
5843
6674
2903
9121
2401
4102
5457
433
6740
8748
3775
1255
9807
7689
8187
7968
3755
8233
7571
758
9771
4028
6509
9196
385
5180
5010
1983
8141
76
98
862
4941
6933
7394
1666
4096
1186
9996
1286
218
854
1411
7909
403
5687
9050
3326
3887
7563
4922
326
6307
8907
537
5225
9038
3170
3743
5444
3693
6362
6258
4713
6767
1487
1989
3953
9715
8352
7883
4187
5244
9675
1005
8920
1525
666
7849
7357
2161
3332
4421
6560
1292
8654
8591
167
9978
9463
9380
3668
2157
4360
1398
1387
5882
8346
6473
8312
8300
8970
8681
687
877
7737
3414
2894
4773
5285
5946
4577
4904
5417
3
1170
5274
7449
2260
3044
7428
8538
4416
3343
8515
7664
490
2240
5385
759
3352
5820
6358
2113
1127
1092
2917
637
1090
4744
9372
815
5950
2151
9800
7259
4974
4893
7989
8653
356
9569
7987
1587
7394
8056
9911
7277
5614
9522
8171
4490
6773
7479
6936
139
4854
959
793
4947
2620
7494
6870
5354
9062
7006
8398
4389
2177
9921
8686
3644
1893
9893
8762
5663
8703
1349
1594
1069
4560
4744
695
7594
3937
7903
1188
8783
4623
91
6949
8615
9764
6591
8331
4536
4936
5454
1124
5453
6652
4832
8945
3160
1562
8844
8004
5332
8864
2273
5370
5742
1932
9549
9231
2689
9018
1495
2453
9741
7053
4031
8728
3862
7001
6707
4037
4746
4029
5310
4788
5737
809
2024
8004
1129
7712
8677
8243
6821
9322
3447
545
1293
2752
9080
8629
1736
9578
1131
2824
5762
9843
8053
2754
2586
3567
1047
5684
8834
2453
513
2595
3194
2091
7647
579
1016
2830
4310
1921
4672
5738
1616
7377
7975
8565
7850
3576
3311
5483
9340
2219
8233
3509
3659
1821
4259
7994
3158
1077
4325
9335
8242
6655
6968
3141
4030
7186
4654
6516
1079
9527
889
3778
704
3019
5765
6037
8110
2357
2382
318
1987
9958
7269
5607
7574
4274
6329
5157
1231
1328
4134
6660
8538
2993
8421
4466
4620
6964
3584
962
4970
235
6592
7407
7373
9969
6321
8067
718
3113
2585
5304
4456
8831
4298
7460
3238
5896
7124
5809
4913
557
9778
1637
6421
9057
4655
9605
1407
2997
2895
8933
5374
5034
6161
9679
9078
7015
7446
7383
8512
2604
998
5714
327
1671
7151
3395
4801
4293
1244
8625
4609
8084
7090
1542
6510
3731
4542
2793
4857
138
7558
4246
325
2367
3896
6027
4627
2685
55
2648
2174
7464
5415
9790
2562
428
7651
2460
3616
5778
7470
4743
3290
3130
4431
1077
142
9841
7245
9132
6349
5326
1267
4743
4244
6262
3157
52
7234
1191
7634
7067
8601
7964
4125
155
7185
7739
1699
2664
7236
4754
9158
4805
803
2012
3402
2221
4993
9167
3246
7248
3098
414
7777
7775
8187
6971
8022
1820
77
879
8204
9483
1774
4271
8186
7734
9465
1004
1860
7695
904
5603
7145
8495
673
7841
2060
6587
7194
9953
7872
4468
5595
7491
4738
8178
2586
4101
7435
8648
4354
5176
8783
7989
6130
5208
6198
8169
2595
8954
2455
6156
1551
7067
5144
6586
9411
2720
626
272
5951
6917
7317
4477
7531
6697
39
8755
2494
2249
1856
8397
9843
6036
2350
6026
2426
9514
1583
732
8874
723
7149
3292
4289
9134
7647
5475
8322
2442
9702
1211
667
3757
7172
7487
8236
6557
639
3247
5329
9141
2409
5262
7953
9888
7308
987
6113
9600
2356
9743
3393
7427
9032
5214
1404
2422
327
4227
7811
3683
983
9031
556
8166
3446
2907
7604
6793
3911
1821
1118
6260
2538
8064
7284
6081
9448
5323
8201
7818
3401
8486
211
6227
3217
5635
3850
68
2935
4118
4189
3705
469
7408
6767
9339
6095
4501
3531
3650
1476
9040
5243
1989
2153
1040
1686
7836
6407
143
8631
5208
1251
5627
1039
6909
1921
5091
5245
2104
4703
669
8979
2548
4180
8913
7002
7982
5043
8062
1839
7720
5543
4347
3681
7236
4283
7136
809
5691
4638
1323
2143
2771
1357
4125
6423
951
2052
2676
8364
2353
2243
8197
726
7732
6363
2372
2631
8825
8714
1574
8717
4263
7746
5041
752
3579
4222
3795
3166
3445
8866
8102
6646
5217
7867
2654
9423
3099
5303
265
4134
7803
9946
6846
9300
1451
213
2717
8317
5628
5051
7876
5643
6027
481
1759
9364
3892
1187
1251
1686
6611
4056
4192
4086
7233
5902
9513
1796
5435
734
9247
3127
500
2889
2135
2703
271
1082
3341
4132
8693
5043
9832
6823
8574
745
6448
3751
5486
2460
3317
1774
3358
9873
1378
3816
2240
6328
9047
2680
3955
9866
9750
9553
1928
2225
6997
6379
7328
2189
947
177
4874
8754
7998
9120
8100
6476
2849
4724
5740
43
680
1861
7964
7647
5625
8464
3652
3036
561
9769
7637
4260
2373
7757
9894
3092
6319
5016
7025
2838
2909
3701
85
3845
782
4484
1757
5387
9475
7411
237
9810
6688
6470
6755
9834
5675
2303
8634
2712
9735
3002
13
5614
2411
1213
7917
5011
3982
6856
2229
9128
7117
8719
4310
6598
7115
4885
477
6304
5086
1503
3401
3153
5642
1765
6563
1979
4158
2121
4369
7118
2543
741
3245
8346
6585
4015
7107
4783
2407
500
3968
7168
4340
8132
9117
5445
1615
9747
4293
3007
6672
3998
1626
1134
3591
3610
5663
7180
1191
589
6809
7863
1665
8453
4692
4682
2272
4874
553
1895
4591
4216
3629
8787
3070
8349
7660
6993
2256
5877
162
567
9928
4443
8917
1138
1616
8128
7227
3052
483
2131
1941
3681
5405
9890
5988
2245
9232
3612
209
6416
8649
7745
7655
9747
6881
6400
7195
4547
528
9894
2286
4183
2235
2681
5021
6019
1627
4753
5267
1185
7936
1289
9543
204
9110
776
4611
4145
3835
153
6276
9399
4857
6606
4740
461
4284
9560
4090
9136
4109
3167
4934
519
8137
9094
6065
5755
4651
1793
3088
9114
2754
3601
9445
2241
9080
4981
7954
1560
5793
6023
9086
5782
5192
8904
5533
9199
1073
7467
1328
3040
2029
9244
7769
1543
7319
7348
7685
1592
1625
4478
4227
4775
1042
8960
290
8548
8990
3211
9901
8832
7385
8337
3492
9787
5372
4639
4826
7805
5189
6741
8526
5814
2334
3779
3664
866
5087
9633
668
2704
6682
5527
5909
3472
1909
7491
793
9112
8800
4181
9895
1052
5189
6300
5746
2821
9398
7509
6259
9909
4064
8102
4436
2814
2254
6971
9026
2579
5348
4415
9080
5332
2952
8194
4987
7341
6075
7915
3500
4914
6176
8304
4515
4143
4308
197
2889
3877
6594
9218
9512
1641
4480
5991
1962
6222
870
8492
6622
2588
6083
6673
907
4445
841
1834
6393
7306
6974
8422
1048
218
404
3868
1544
7456
5100
2886
4634
2434
1151
6282
7
4840
4921
688
5666
8573
4278
4919
896
2458
7332
644
1185
7883
8831
9952
4085
7552
4352
38
4926
7336
8808
5721
6544
8853
2403
3798
7749
3857
4164
9337
1100
2772
427
2931
1777
8778
3255
9663
5794
5745
1667
5072
7637
3010
6767
767
4496
2478
380
2493
6732
3907
5661
6449
1927
2295
7269
5424
2945
7297
8175
4945
8783
8339
9944
1036
703
648
3426
5406
5088
6839
7176
948
8807
5865
1649
261
2475
6168
8247
2594
1936
2676
3606
62
8528
7931
1190
2314
4258
6093
4215
9901
8879
4795
6185
516
2042
3926
7932
9029
5194
2295
2935
1753
4695
2812
5924
7742
9741
4348
3274
5088
6138
3761
7570
8169
9676
4687
2824
2571
936
672
1343
8039
6738
8955
7977
6199
2086
7805
2591
9045
498
4679
6994
6209
9891
4689
8273
3897
5827
8852
6509
6040
3829
9438
1181
8668
7767
5351
7228
1841
1823
3947
8688
9538
9439
6913
5115
6849
3837
6958
3567
5529
1174
8900
6848
3512
9214
3462
6908
1349
1529
4585
833
8693
9649
1408
5681
6922
3338
4163
7583
9812
2240
9220
9991
2730
480
2249
5721
2284
9515
62
7538
2553
3513
1052
2421
1089
5839
1369
5358
7716
4851
8983
9569
1842
2146
580
1349
9442
6636
6903
9425
9205
3379
582
643
8406
6982
6747
6089
2993
5563
823
4358
3112
2738
9746
1542
4830
1938
2578
764
1165
9453
3979
7575
704
41
9338
1407
68
1693
3477
7372
7270
4176
5813
7229
6624
9384
3606
3046
2261
166
1501
2224
6562
8332
9955
7925
1842
1813
7331
4665
8469
5600
466
4859
284
982
6326
8444
8652
2896
3007
4351
9780
5707
1782
9569
6013
3638
3151
8803
781
3251
8938
5346
8547
1855
9348
1646
5687
7531
8600
6294
5565
3608
5256
2672
1245
2806
3713
3329
2240
4062
1418
3332
7522
8063
2348
5256
5582
5908
1048
8306
3781
9005
3079
4107
3434
7272
7128
2122
4128
7058
1231
8368
611
9790
548
2119
8280
7298
6978
6629
8752
7
1525
1550
5296
9742
8761
6701
9024
9771
9019
9094
633
879
8002
7733
9242
3771
5369
3589
9374
4893
3600
5375
9538
4906
5886
5261
977
6454
7179
2520
3164
621
5623
7237
3407
9530
2559
670
1526
5905
8050
3648
6984
9100
5440
9458
5074
1086
2858
3084
823
5205
1762
4370
4115
5107
2628
8714
7191
1235
5731
5210
6189
7439
573
8851
1656
888
974
329
9075
4298
4106
4249
9365
681
808
4190
1050
7321
1429
917
306
7466
6098
8265
2497
5387
901
9759
8911
2834
1681
7848
5462
2714
5391
6803
5841
8834
4828
9782
260
8934
6345
326
2316
1931
1730
8676
738
9271
4800
3656
9834
4589
471
1617
2287
5524
9072
4941
632
6427
1483
3946
9217
989
1336
7686
6744
9331
8934
1113
586
4998
7830
8317
8002
3462
9059
4170
6085
5243
9916
9601
1836
3557
3872
8922
6090
8533
5703
1176
221
7441
1273
1291
2473
3166
4494
1002
1631
1168
4999
3928
9275
8571
8743
4015
8336
7704
407
1598
4851
381
782
6765
1909
8563
4570
5405
9573
1609
4022
9348
2288
309
1646
8365
5711
3086
875
8395
8241
348
7020
7393
8575
8827
2095
7425
9592
8909
6172
9223
536
4488
4803
3353
4061
6641
6768
311
2018
9578
8879
423
4055
9732
4931
3255
6061
6593
3989
5373
1284
6973
9189
4781
5566
2728
1942
119
9532
5665
8057
2814
4817
2344
1622
737
8453
5803
9746
2696
9379
842
6213
4041
3725
4437
4964
5074
977
3112
4945
5543
1434
4625
6290
504
6467
2226
4096
5087
7018
5904
101
8307
2476
6535
4458
8939
1644
5676
9519
9719
9840
5825
5012
9629
1350
3437
9367
7877
4427
9717
5032
7336
6822
2254
6603
9664
3442
3958
9339
9091
4134
4411
2201
6976
8831
2769
3941
4604
9336
630
2978
7432
1874
7923
1780
9999
2203
4793
4321
7073
5567
7707
807
3235
7032
8563
7298
86
3908
1440
9135
7518
808
2836
6140
3097
9673
7702
4456
1486
1618
5419
4552
4070
4793
6951
7494
7453
2644
6870
1841
8345
9926
1677
1689
1505
9594
8890
2344
6863
2340
9771
3843
1736
1925
2201
4112
4114
3692
9260
2973
3420
710
3314
5346
5845
1811
5089
7075
2387
8490
2102
9554
9065
3088
1088
37
421
8977
4596
2902
9398
4580
2824
3430
8946
6952
7914
9744
3305
7411
9460
391
9803
1206
6736
4803
5232
5598
5328
1341
4393
5885
3246
2971
2208
6873
4343
3749
4997
8087
4948
228
940
4638
2946
687
4534
2053
7273
1627
4948
2617
9732
5376
3572
2818
392
4845
1768
6335
2422
1478
5866
4670
2144
267
2771
8020
5356
1341
6214
2257
1502
1076
631
4008
3158
6935
6926
4711
9481
9335
1986
6293
8743
693
1684
5625
6912
6529
5335
2277
6330
5999
8103
4249
987
9550
6687
9363
2627
9540
2750
5743
4992
5594
8042
3466
1847
244
4942
845
8152
1957
6197
3049
2718
2050
8094
7809
4979
9197
1953
2799
8166
209
9909
1961
6066
8642
2243
3522
812
3367
5204
717
4712
7727
219
7380
9964
6143
7649
4430
6323
9116
854
57
8263
9433
9230
5907
9969
2121
2077
3963
8647
8165
8702
3948
4040
7353
3991
9076
4797
8733
2830
8764
402
8117
1219
517
726
835
6714
9618
3964
4501
5896
4477
7686
946
1978
7549
7080
8663
1379
6570
9037
7142
4112
8524
691
2254
9173
9250
6268
7518
2763
4873
6629
9502
4153
7351
1810
6906
1259
5353
7985
1887
5592
3391
6820
9143
4154
6706
6973
2915
4045
6716
4597
4593
4089
2045
2188
3956
6627
3095
2786
5164
1748
3932
9678
4621
5730
3866
48
1543
5212
2494
4749
3662
8707
6239
5348
9876
7488
1433
3901
8857
8563
8850
533
7615
3504
7277
8839
6880
8209
9167
9359
762
366
9723
6933
6607
3293
1864
8629
7243
7163
3432
5080
1852
1167
9744
9619
3624
3097
4113
6350
2005
6019
1330
441
4909
5253
4266
1361
1541
2710
1715
2511
9640
9769
6416
8762
1894
4363
5773
6793
5027
2716
4209
1773
1651
1229
5345
7976
9333
9470
4200
167
3559
880
4481
7254
1245
3863
3706
9631
9314
2267
9355
6857
8450
899
2563
2902
5613
8680
1954
2029
154
9343
9140
9605
7437
7141
9134
8577
758
2941
3466
4199
7057
4291
1149
6691
4423
1589
2810
3950
9716
1283
6258
4178
2756
6226
7590
1343
9495
2741
505
4773
333
3738
7929
7842
1308
7314
4281
9713
5295
668
3742
8427
7523
9866
9762
3205
4738
7026
3678
8804
178
7841
5828
4985
7122
3971
794
9715
2271
6847
9569
5606
6434
1669
5289
5251
4099
2984
5968
2637
5325
6117
7165
4600
3119
1974
9880
8427
6942
6207
4167
9120
8322
7622
6885
2600
7702
4835
2838
9171
2571
4637
2141
4947
5706
335
3060
7611
8911
3378
8824
6883
2044
7034
8920
9372
9295
6538
260
2117
4706
6206
1257
9028
6736
318
2345
9723
7324
1228
9740
773
4327
5135
5374
5257
7483
3214
4832
7719
7137
3385
6850
8085
1810
5926
2485
9933
5438
4316
9404
5607
7583
1246
6925
3120
248
8552
406
7508
3082
9000
9374
2374
4669
7288
2388
5728
1404
7421
3061
7901
6987
3714
5857
8307
4973
3040
7375
2146
4023
6702
8622
7753
472
1298
6510
211
5705
9290
8224
7129
6419
1667
457
8006
4330
7005
6573
9490
8120
3561
8687
5026
4510
3567
8394
8857
7220
1841
9386
1184
2266
4011
7588
3379
5582
3187
9586
9598
4244
7760
8098
3861
5721
7137
4050
9763
545
6704
8396
3299
2510
8080
3257
8008
7127
5803
1180
5614
3405
6992
3339
4658
6269
6269
2391
4226
6892
4195
3325
9818
6070
3866
6151
3645
1399
6944
7547
2188
2449
7347
4711
9741
9394
8122
3541
7824
9646
4600
5036
6852
3894
4830
8325
8261
7677
6511
6100
2397
7114
8164
8375
9912
7730
1105
3510
2163
3481
7973
1171
9153
8980
2984
563
1925
1744
8878
8652
17
2798
5627
7319
3555
3399
6344
5450
3894
2823
6565
1812
6306
7158
4101
7221
3179
1892
7983
9993
6412
1698
6691
6968
3249
9281
7795
3495
682
1399
3445
9667
9709
4253
8708
6849
2248
2316
2659
8074
308
4380
5344
8218
9127
8095
7279
5059
3443
9614
1933
282
8773
8072
5872
304
7668
5594
5627
356
4264
2276
5175
1741
9112
2154
2986
1345
313
566
3006
4563
6232
5513
9642
7651
9738
5618
2842
3161
3805
5125
5724
2614
3583
2004
3828
3852
588
8668
2040
6604
537
6085
2530
8734
7535
1135
4589
7353
3813
3929
5211
3526
6013
6527
7419
6647
6168
7004
1911
4750
7909
3099
6387
9955
6214
7864
6136
4094
2058
5653
8845
8117
1682
539
6437
321
3895
851
6801
2681
7815
2882
8662
1563
7750
4021
3596
9002
1549
583
181
3364
3697
8427
6624
3686
4636
5075
9870
311
3383
505
1143
5497
1391
69
140
1621
1726
7002
2722
1329
9214
3943
9796
3509
3925
2532
8343
1327
2558
7692
9031
3726
9674
8499
8724
9782
3494
702
326
6077
9010
6885
6872
878
4563
9039
1553
5306
6691
4858
436
919
2051
3499
76
5178
4543
8692
7874
1105
366
7144
9126
5117
3662
7972
984
7497
681
4543
249
3255
908
3558
8844
7233
9505
7452
8114
6229
6588
5284
681
2629
5337
4153
6465
8604
2764
7876
7733
7248
4087
2191
6516
7240
4065
6051
6621
543
6410
6715
1568
8488
5459
2294
9284
177
2624
9170
4140
8538
3865
3268
7006
3626
3377
3557
4411
9789
3035
3350
8589
3154
6724
9982
1247
8592
3623
6262
5189
771
4783
7738
9617
2199
2839
8270
6877
2279
5629
2625
679
5295
623
8943
8448
1994
8590
5750
3319
8948
1732
7926
4526
2262
3614
3532
8457
7332
5679
8726
6494
4356
7867
1131
9871
78
8905
2968
6303
9863
5225
4028
7862
599
6131
1114
4689
4166
6834
4998
4537
3248
288
8108
3832
6111
3380
6181
1986
4652
2932
4939
7012
475
2263
8491
7166
7081
9575
9578
284
2321
5313
3087
9762
4201
6837
3283
3727
4859
5224
2130
1827
2056
832
745
2295
4895
1375
8556
475
642
8701
5043
8804
2491
8184
7088
7435
3924
7720
896
4117
3915
1684
1218
1740
8626
8871
2177
2041
9502
2459
3378
4347
4682
4319
2181
8986
520
5628
8039
5970
2666
683
7603
932
1633
1020
9950
1934
6073
2543
9725
2724
8083
9219
2256
306
8790
3061
8769
7254
9171
1641
1711
2131
626
1170
9904
4560
2161
5296
724
5031
6224
7214
1882
3376
3180
5414
8450
3967
5242
1465
1777
186
4250
1586
5672
5464
4121
2439
1805
3304
8018
5598
679
4065
2315
4406
6698
2036
4317
1608
5883
2325
8325
6026
2616
3447
5140
1835
7394
8122
3388
4513
1072
1788
7131
3435
2281
5576
3177
2255
3832
8108
3201
4707
744
8367
356
5279
7293
99
7372
1310
2931
6742
3355
5510
7293
4707
9433
5650
2613
1992
9201
1201
7836
8559
8539
5100
2459
4706
764
2481
9718
3726
7323
7216
8123
5564
1273
1411
7515
8882
645
2618
882
9986
1449
8474
5921
8383
5573
8692
1044
408
7102
9914
8908
4312
1693
9788
6853
2479
7560
2825
7685
9030
3354
2065
6123
3972
7756
7424
5938
8264
7953
3661
320
7690
9353
8405
3312
7281
6847
3340
3323
2165
8734
9798
633
5186
8019
3287
9597
6433
2227
240
2827
4867
2071
4212
8981
7673
1401
8080
8031
8654
5663
3431
7855
3010
3801
8224
3851
2208
9002
9085
8873
9253
6959
5140
4267
1686
6466
6153
4021
6871
6036
8934
3139
1727
1983
2449
8201
6997
7958
3914
2811
4289
3252
5227
3092
2737
7382
1551
8774
880
1420
1602
3488
8583
2349
2254
3876
3227
5303
8416
867
4217
9983
2877
8041
9912
1768
9730
1391
1494
5073
9367
1992
9021
6363
2604
8089
5891
6905
6461
5944
9345
806
4330
9425
6218
2186
8867
6738
5170
6433
6771
9001
8870
4410
816
9406
2193
5201
5992
3602
5420
2531
3421
1639
4607
2357
7823
9321
4835
4272
1747
2123
5896
7364
2533
7988
4099
1946
6002
6238
8369
2194
4276
8625
3553
1124
3778
5084
8987
8588
3474
1165
5711
5005
2737
6313
1505
8378
2791
2147
8869
9849
5676
7753
7485
3483
9881
4620
9277
9306
2365
7277
1206
4671
2555
6991
8172
8012
5086
4923
6014
696
4544
8031
2462
7294
7286
5725
2159
1903
2518
7765
341
8328
7253
4225
8645
4917
7520
6487
5636
625
1226
4163
4136
7499
6486
6614
7166
6167
2865
9304
4469
5184
2018
4606
1906
2070
8487
3885
6796
3800
1056
2683
3246
7105
9978
3660
2898
4465
5641
2571
8128
9950
9809
1020
6727
169
1408
5983
9362
9503
5055
156
3686
5538
1982
9089
1894
123
9836
751
1710
3886
9950
677
4330
7141
8104
1181
6679
8155
7558
6251
9496
501
1172
4683
7202
4837
2810
2777
326
6874
6915
4489
6301
2499
9117
1315
9869
3105
49
6386
59
8985
9184
7256
6694
6338
5402
9690
5747
3925
6275
397
9505
8670
8594
99
4476
5633
8533
9574
7222
6694
1041
415
5923
3997
4520
9085
3350
8773
8692
7598
5155