941
719
704
273
628
468
636
514
502
573
893
430
524
565
711
200
356
487
164
712
133
893
785
404
877
600
943
685
948
266
870
945
322
488
607
410
172
258
348
406
161
309
606
891
107
73
416
501
192
735
272
705
681
143
859
99
208
107
687
321
24
16
654
521
272
505
190
859
254
349
95
14
868
682
381
293
882
73
448
498
471
41
711
356
495
46
320
998
323
108
17
641
628
762
249
367
446
180
591
667
993
938
218
182
175
106
627
902
453
23
65
959
757
376
157
995
433
981
26
38
786
966
814
736
648
880
868
797
524
641
21
483
329
126
346
44
379
630
455
61
345
396
949
744
89
898
880
403
891
596
161
438
385
430
708
411
636
403
712
994
178
235
866
816
517
207
533
572
547
998
839
23
562
528
404
915
71
581
971
202
418
214
496
369
281
819
370
135
495
994
297
238
277
281
37
561
870
199
641
371
787
963
34
25
387
714
802
94
208
89
814
496
590
490
892
885
413
462
54
249
406
164
26
396
358
67
579
757
751
621
973
731
777
854
237
622
445
549
277
75
492
899
823
766
119
319
64
86
140
387
383
415
11
742
4
654
330
106
515
610
818
532
157
922
534
384
508
266
1
525
677
683
240
682
412
9
229
992
589
549
145
262
391
328
842
595
116
506
438
633
956
756
515
810
281
745
445
718
928
129
524
876
753
887
181
927
224
130
273
606
160
995
584
576
813
662
1
598
344
984
477
358
450
779
818
683
276
324
534
785
21
190
483
673
612
159
791
815
611
582
596
719
104
218
485
87
625
280
93
851
341
150
255
466
583
977
225
514
548
161
994
840
414
558
413
165
407
82
884
348
360
262
661
256
129
251
395
503
835
685
406
155
250
827
298
870
837
378
1
832
866
428
955
279
753
56
213
381
289
213
443
724
670
649
408
670
345
792
285
423
521
724
338
723
778
584
820
708
687
9
671
615
491
519
511
702
872
45
702
965
601
195
714
960
380
195
883
345
514
879
693
527
123
544
84
159
513
974
930
98
955
412
763
819
563
845
997
229
201
508
432
281
321
113
535
774
448
971
95
257
561
809
128
12
979
796
562
670
501
18
96
137
415
406
801
164
735
884
508
57
436
376
733
750
764
106
930
705
677
553
143
879
335
314
716
284
124
85
597
540
61
941
856
151
642
110
549
166
53
476
678
282
456
108
29
447
526
229
943
494
690
167
578
339
617
981
105
891
318
681
346
848
864
154
779
201
118
207
503
417
94
375
701
954
481
519
386
950
678
563
723
704
164
82
28
825
375
929
607
717
346
467
986
441
244
496
680
825
582
460
634
118
349
42
610
398
493
864
321
426
216
572
864
604
301
246
56
247
279
725
603
416
554
146
639
147
781
713
79
49
634
478
383
862
855
697
797
772
899
158
858
984
754
719
990
287
561
185
290
141
454
565
189
104
638
695
555
251
112
195
913
630
584
734
902
666
79
615
787
884
445
764
831
266
472
320
594
50
635
137
782
825
495
690
79
295
687
68
545
213
9
965
502
562
562
834
549
253
55
674
267
253
382
217
443
290
314
660
123
21
675
450
629
808
719
65
750
93
469
153
655
637
697
909
755
825
862
27
629
584
762
153
358
422
885
306
71
551
429
350
313
32
770
220
844
450
677
294
845
624
975
971
103
489
427
266
634
385
551
978
391
640
764
779
136
527
708
401
318
357
875
939
782
747
677
184
471
863
915
802
822
732
208
133
457
572
296
359
868
447
318
780
265
456
90
26
414
103
110
31
325
431
556
772
862
37
793
859
952
73
980
250
851
912
223
548
67
240
319
583
915
955
578
226
362
402
368
664
759
152
14
718
320
752
428
103
686
607
388
939
750
426
678
213
966
501
413
368
743
371
750
643
170
344
824
319
212
713
212
553
770
455
423
51
428
653
938
456
528
870
80
932
213
244
585
101
462
115
56
201
689
586
654
32
429
539
229
44
760
275
849
694
602
137
85
17
727
161
722
231
386
76
562
52
693
735
805
331
547
341
102
560
681
719
727
772
603
206
501
381
609
656
11
526
740
479
408
581
550
594
553
567
822
686
578
362
915
147
979
751
241
668
209
569
499
534
368
400
677
256
981
574
511
388
64
475
25
980
629
516
43
408
539
456
48
997
158
166
596
176
543
312
523
686
41
915
607
700
1
199
924
594
1
646
112
496
391
750
926
674
220
476
971
288
562
95
264
19
85
648
309
627
238
992
733
515
801
57
86
7
646
686
365
118
482
167
945
287
29
389